# Experiment IPTS-36119 Run 221472				
# Reduction 2.6.0				
# Run title: Si Ir Air-221472-1.				
# Run start time: 2025-09-12T21:03:05.786355667				
# Reduction time: Mon Jan  5 15:15:38 2026				
# Q summing: False				
# TOF weighted: False				
# Bck in Q: False				
# Theta offset: 0.006				
# DataRun   NormRun   TwoTheta(deg)  LambdaMin(A)   LambdaMax(A) Qmin(1/A)    Qmax(1/A)    SF_A         SF_B				
# 221472    221466    0.887363       2.55214        9.69814      0.0100       0.0381       4.0          0.0         				
# 221473    221467    2.38997        2.55214        9.69814      0.0270       0.1026       25.0         0.0         				
# 221474    221468    6.98845        2.55214        9.69814      0.0789       0.3000       144.0        0.0         				
#	Q [1/Angstrom]	R	dR	dQ
0.010083986	0.97260806	0.074022721	0.000448275	
0.010184826	1.014382472	0.051347475	0.000452758	
0.010286674	0.996310566	0.046613744	0.000457285	
0.010389541	0.950120311	0.041875381	0.000461858	
0.010493436	0.88396039	0.03767052	0.000466477	
0.010598371	1.036099956	0.044145646	0.000471141	
0.010704354	0.930595484	0.03770853	0.000475853	
0.010811398	0.931131324	0.037310832	0.000480611	
0.010919512	0.928816662	0.036245344	0.000485417	
0.011028707	0.909961854	0.034191985	0.000490272	
0.011138994	0.910462388	0.033556978	0.000495174	
0.011250384	0.953460252	0.034741475	0.000500126	
0.011362888	0.952135231	0.034665372	0.000505127	
0.011476517	0.870694998	0.03014518	0.000510179	
0.011591282	0.912441404	0.031217954	0.00051528	
0.011707195	0.925811798	0.030883463	0.000520433	
0.011824267	0.932942715	0.030636939	0.000525637	
0.011942509	0.947317363	0.030222875	0.000530894	
0.012061934	0.925935398	0.029325647	0.000536203	
0.012182554	0.916193475	0.028023823	0.000541565	
0.012304379	0.897698394	0.026959992	0.00054698	
0.012427423	0.973508341	0.029437114	0.00055245	
0.012551697	0.945663187	0.027364748	0.000557975	
0.012677214	0.970624567	0.027707622	0.000563554	
0.012803986	0.941879425	0.026448627	0.00056919	
0.012932026	0.888992775	0.024310938	0.000574882	
0.013061346	0.940294494	0.025477156	0.000580631	
0.01319196	0.95811688	0.025513015	0.000586437	
0.01332388	0.90840155	0.02358145	0.000592301	
0.013457118	0.894426531	0.022386604	0.000598224	
0.013591689	0.875635237	0.021597633	0.000604207	
0.013727606	0.939930749	0.023131781	0.000610249	
0.013864882	0.885073327	0.021089829	0.000616351	
0.014003531	0.895853408	0.020987239	0.000622515	
0.014143567	0.934788374	0.02193046	0.00062874	
0.014285002	0.896130303	0.020426934	0.000635027	
0.014427852	0.900343722	0.020280974	0.000641378	
0.014572131	0.900075619	0.019843731	0.000647791	
0.014717852	0.907186562	0.019963489	0.000654269	
0.014865031	0.875582843	0.018776444	0.000660812	
0.015013681	0.881765536	0.018498111	0.00066742	
0.015163818	0.850537756	0.017493669	0.000674094	
0.015315456	0.832337948	0.016835088	0.000680835	
0.01546861	0.804406739	0.015949849	0.000687644	
0.015623297	0.809210375	0.015942996	0.00069452	
0.01577953	0.797074357	0.015493958	0.000701465	
0.015937325	0.778243082	0.01508286	0.00070848	
0.016096698	0.705942251	0.013429475	0.000715565	
0.016257665	0.681603611	0.012936893	0.00072272	
0.016420242	0.659106057	0.012577378	0.000729948	
0.016584444	0.583384897	0.011107998	0.000737247	
0.016750289	0.517822728	0.009868384	0.000744619	
0.016917791	0.435884531	0.008481979	0.000752066	
0.017086969	0.348915612	0.007001201	0.000759586	
0.017257839	0.260284331	0.005555419	0.000767182	
0.017430417	0.184659874	0.004393499	0.000774854	
0.017604722	0.12488057	0.003363322	0.000782603	
0.017780769	0.079862381	0.002538103	0.000790429	
0.017958577	0.053054697	0.00196867	0.000798333	
0.018138162	0.053850047	0.001974041	0.000806316	
0.018319544	0.06764218	0.00228062	0.000814379	
0.018502739	0.090160052	0.002557516	0.000822523	
0.018687767	0.117897646	0.002954014	0.000830748	
0.018874644	0.141588662	0.003263681	0.000839056	
0.019063391	0.162848787	0.003546048	0.000847446	
0.019254025	0.185061143	0.003806252	0.000855921	
0.019446565	0.196029547	0.003910672	0.00086448	
0.019641031	0.200556478	0.003956921	0.000873125	
0.019837441	0.206764113	0.004068088	0.000881856	
0.020035815	0.203721602	0.004013715	0.000890675	
0.020236174	0.189322503	0.003645084	0.000899581	
0.020438535	0.170766241	0.003319767	0.000908577	
0.020642921	0.156349138	0.003118603	0.000917663	
0.02084935	0.144067938	0.002984123	0.00092684	
0.021057843	0.117082656	0.002581549	0.000936108	
0.021268422	0.095617267	0.002274269	0.000945469	
0.021481106	0.081129588	0.002040331	0.000954924	
0.021695917	0.062853534	0.001737639	0.000964473	
0.021912876	0.046271381	0.001463121	0.000974118	
0.022132005	0.030029055	0.001144866	0.000983859	
0.022353325	0.020621553	0.000930714	0.000993698	
0.022576858	0.012929847	0.000718718	0.001003635	
0.022802627	0.009046253	0.000597928	0.001013671	
0.023030653	0.008126817	0.000566316	0.001023808	
0.02326096	0.009662691	0.000614465	0.001034046	
0.023493569	0.013743195	0.000725461	0.001044386	
0.023728505	0.017457168	0.000832088	0.00105483	
0.02396579	0.024716216	0.001006308	0.001065378	
0.024205448	0.032354262	0.001210957	0.001076032	
0.024447502	0.03641876	0.001259321	0.001086792	
0.024691977	0.042656131	0.001355976	0.00109766	
0.024938897	0.046794398	0.001402032	0.001108637	
0.025188286	0.049749281	0.00142631	0.001119723	
0.025440169	0.051895567	0.001443701	0.001130921	
0.025694571	0.052502323	0.001433064	0.00114223	
0.025951516	0.047661607	0.001342413	0.001153652	
0.026211032	0.04587524	0.001297965	0.001165189	
0.026473142	0.044085363	0.001268555	0.00117684	
0.026737873	0.039775551	0.00118198	0.001188609	
0.027005252	0.031948191	0.00103899	0.001200495	
0.027275305	0.028402205	0.000974304	0.0012125	
0.027275305	0.034257179	0.002305894	0.001200218	
0.027548058	0.027722878	0.001273165	0.001212221	
0.027548058	0.024492909	0.000890728	0.001224625	
0.027823538	0.018633771	0.000774711	0.001236871	
0.027823538	0.021523828	0.000948465	0.001224343	
0.028101774	0.016120527	0.000743589	0.001236586	
0.028101774	0.01377314	0.0006497	0.00124924	
0.028382791	0.009875217	0.000544943	0.001261732	
0.028382791	0.010630535	0.000528022	0.001248952	
0.028666619	0.007014453	0.000400358	0.001261442	
0.028666619	0.007011346	0.000457282	0.00127435	
0.028953285	0.003509401	0.000318991	0.001287093	
0.028953285	0.00424874	0.000276969	0.001274056	
0.029242818	0.002274611	0.000183811	0.001286797	
0.029242818	0.003166221	0.000301637	0.001299964	
0.029535246	0.002681783	0.000274559	0.001312964	
0.029535246	0.001791666	0.000164871	0.001299665	
0.029830599	0.001648858	0.000149288	0.001312661	
0.029830599	0.002506941	0.00026352	0.001326093	
0.030128905	0.004975007	0.000368891	0.001339354	
0.030128905	0.002824344	0.000193572	0.001325788	
0.030430194	0.004282146	0.000258289	0.001339046	
0.030430194	0.006268562	0.000416333	0.001352748	
0.030734496	0.008476373	0.000482981	0.001366275	
0.030734496	0.006142914	0.000296914	0.001352436	
0.031041841	0.007650341	0.000344198	0.001365961	
0.031041841	0.010303965	0.000528546	0.001379938	
0.031352259	0.011188268	0.000548881	0.001393737	
0.031352259	0.01100954	0.000440363	0.00137962	
0.031665782	0.013184845	0.000480329	0.001393416	
0.031665782	0.013049358	0.000588042	0.001407675	
0.03198244	0.014973806	0.000633851	0.001421751	
0.03198244	0.014849107	0.000528029	0.001407351	
0.032302264	0.014455458	0.000488995	0.001421424	
0.032302264	0.014900917	0.000631696	0.001435969	
0.032625287	0.016259864	0.000656941	0.001450329	
0.032625287	0.014487622	0.000466746	0.001435638	
0.03295154	0.016060919	0.000527315	0.001449995	
0.03295154	0.014521845	0.000619574	0.001464832	
0.033281055	0.01442065	0.000611529	0.00147948	
0.033281055	0.016299723	0.000525661	0.001464495	
0.033613866	0.013910233	0.000441222	0.00147914	
0.033613866	0.012511147	0.000574133	0.001494275	
0.033950004	0.013184894	0.000592517	0.001509218	
0.033950004	0.011745113	0.000378666	0.001493931	
0.034289504	0.010530684	0.000346309	0.00150887	
0.034289504	0.009269329	0.000507106	0.00152431	
0.034632399	0.006964548	0.000436064	0.001539553	
0.034632399	0.008746101	0.000301188	0.001523959	
0.034978723	0.006570358	0.000241821	0.001539199	
0.034978723	0.006279169	0.000409861	0.001554949	
0.035328511	0.004927777	0.000194941	0.001554591	
0.035328511	0.005009614	0.000359839	0.001570498	
0.035681796	0.003691265	0.000312137	0.001586203	
0.035681796	0.003108015	0.000142397	0.001570136	
0.036038614	0.002154167	0.000114481	0.001585838	
0.036038614	0.002149227	0.000239353	0.001602065	
0.036399	0.001713444	0.000209734	0.001618086	
0.036399	0.001236297	8.18508E-05	0.001601696	
0.03676299	0.00090061	6.74708E-05	0.001617713	
0.03676299	0.0013836	0.000188563	0.001634267	
0.03713062	0.001283638	0.000181774	0.001650609	
0.03713062	0.000812545	6.04437E-05	0.00163389	
0.037501926	0.001175126	7.33716E-05	0.001650229	
0.037501926	0.00209452	0.000233254	0.001667115	
0.037876945	0.002744242	0.000271212	0.001683787	
0.037876945	0.001641706	8.94422E-05	0.001666731	
0.038255715	0.002533887	0.000110743	0.001683399	
0.038638272	0.003424522	0.000130847	0.001700233	
0.039024654	0.004280173	0.00014905	0.001717235	
0.039414901	0.004721494	0.000151582	0.001734407	
0.03980905	0.005246368	0.000160145	0.001751752	
0.04020714	0.005697627	0.000168554	0.001769269	
0.040609212	0.005149047	0.000151961	0.001786962	
0.041015304	0.005192553	0.000152028	0.001804831	
0.041425457	0.004771122	0.000144444	0.00182288	
0.041839712	0.003796177	0.000120001	0.001841108	
0.042258109	0.003188516	0.000107183	0.00185952	
0.04268069	0.002417286	8.89368E-05	0.001878115	
0.043107497	0.001494536	6.60644E-05	0.001896896	
0.043538572	0.001075073	5.69571E-05	0.001915865	
0.043973957	0.000624439	4.05572E-05	0.001935024	
0.044413697	0.000495778	3.45047E-05	0.001954374	
0.044857834	0.000507106	3.5445E-05	0.001973917	
0.045306412	0.000633005	3.87871E-05	0.001993657	
0.045759476	0.00083898	4.53391E-05	0.002013593	
0.046217071	0.001258768	5.50092E-05	0.002033729	
0.046679242	0.001531316	5.88397E-05	0.002054066	
0.047146034	0.001914219	6.60404E-05	0.002074607	
0.047617495	0.002001287	6.6162E-05	0.002095353	
0.04809367	0.002139697	6.76288E-05	0.002116307	
0.048574606	0.001996884	6.45935E-05	0.00213747	
0.049060352	0.001906519	6.32985E-05	0.002158844	
0.049550956	0.00158235	5.59613E-05	0.002180433	
0.050046465	0.001335982	4.89216E-05	0.002202237	
0.05054693	0.001049256	4.25128E-05	0.00222426	
0.051052399	0.000743485	3.46637E-05	0.002246502	
0.051562923	0.000520365	2.88216E-05	0.002268967	
0.052078553	0.00035587	2.34016E-05	0.002291657	
0.052599338	0.00028385	2.02058E-05	0.002314573	
0.053125331	0.000344007	2.23798E-05	0.002337719	
0.053656585	0.000425247	2.5796E-05	0.002361096	
0.054193151	0.000585407	2.87938E-05	0.002384707	
0.054735082	0.000788193	3.33827E-05	0.002408554	
0.055282433	0.000866229	3.43834E-05	0.00243264	
0.055835257	0.000867128	3.40702E-05	0.002456966	
0.05639361	0.000850859	3.3561E-05	0.002481536	
0.056957546	0.000816009	3.34976E-05	0.002506351	
0.057527121	0.000737553	3.0652E-05	0.002531415	
0.058102393	0.000641602	2.91366E-05	0.002556729	
0.058683417	0.000529775	2.55839E-05	0.002582296	
0.059270251	0.000321516	2.03092E-05	0.002608119	
0.059862953	0.000295546	1.89593E-05	0.002634201	
0.060461583	0.000189397	1.50774E-05	0.002660543	
0.061066199	0.000185831	1.46513E-05	0.002687148	
0.061676861	0.000223565	1.65695E-05	0.002714019	
0.062293629	0.000296715	1.9051E-05	0.00274116	
0.062916565	0.000360856	2.05386E-05	0.002768571	
0.063545731	0.000395983	2.09979E-05	0.002796257	
0.064181188	0.000406957	2.15781E-05	0.00282422	
0.064823	0.000413007	2.1887E-05	0.002852462	
0.06547123	0.000371281	2.19826E-05	0.002880986	
0.066125943	0.000330805	1.98642E-05	0.002909796	
0.066787202	0.000300036	1.84408E-05	0.002938894	
0.067455074	0.000211059	1.56781E-05	0.002968283	
0.068129625	0.000165741	1.45622E-05	0.002997966	
0.068810921	0.000143989	1.28986E-05	0.003027946	
0.06949903	0.000147103	1.25356E-05	0.003058225	
0.070194021	0.000136468	1.23178E-05	0.003088807	
0.070895961	0.000197211	1.43001E-05	0.003119695	
0.07160492	0.000208282	1.49826E-05	0.003150892	
0.07232097	0.000219776	1.4623E-05	0.003182401	
0.073044179	0.000203077	1.34722E-05	0.003214225	
0.073774621	0.000206237	1.43661E-05	0.003246367	
0.074512367	0.000192001	1.34499E-05	0.003278831	
0.075257491	0.000155819	1.19169E-05	0.003311619	
0.076010066	0.000159308	1.22818E-05	0.003344736	
0.076770167	0.000120027	9.98208E-06	0.003378183	
0.077537868	0.000107098	9.92153E-06	0.003411965	
0.078313247	9.23881E-05	8.94677E-06	0.003446085	
0.079096379	9.30099E-05	9.21202E-06	0.003480545	
0.079887343	0.000119196	1.02196E-05	0.003515351	
0.079887343	0.000121686	1.39058E-05	0.003502539	
0.080686217	0.00014259	1.09947E-05	0.003550504	
0.080686217	0.000133671	1.07006E-05	0.003537565	
0.081493079	0.000121962	1.03652E-05	0.003586009	
0.081493079	0.0001394	9.91982E-06	0.00357294	
0.082308009	0.000140846	1.06088E-05	0.003621869	
0.082308009	0.000123445	9.00928E-06	0.00360867	
0.08313109	0.000103755	8.13562E-06	0.003644756	
0.08313109	0.000112866	1.01381E-05	0.003658088	
0.0839624	8.14245E-05	6.90505E-06	0.003681204	
0.0839624	0.000100357	8.92844E-06	0.003694669	
0.084802024	0.00010056	8.91169E-06	0.003731616	
0.084802024	7.50233E-05	6.34089E-06	0.003718016	
0.085650045	6.0435E-05	5.60901E-06	0.003755196	
0.085650045	7.09175E-05	8.08805E-06	0.003768932	
0.086506545	6.14936E-05	6.99894E-06	0.003806621	
0.086506545	6.8793E-05	6.02128E-06	0.003792748	
0.087371611	6.44252E-05	5.48486E-06	0.003830676	
0.087371611	7.04784E-05	7.21373E-06	0.003844687	
0.088245327	7.03843E-05	7.20402E-06	0.003883134	
0.088245327	8.72194E-05	6.35637E-06	0.003868982	
0.08912778	8.58193E-05	6.17122E-06	0.003907672	
0.08912778	9.57853E-05	8.90744E-06	0.003921966	
0.090019058	8.8791E-05	8.84216E-06	0.003961185	
0.090019058	8.62834E-05	6.07463E-06	0.003946749	
0.090919248	7.95054E-05	5.65983E-06	0.003986216	
0.090919248	8.7887E-05	9.24043E-06	0.004000797	
0.091828441	9.60035E-05	8.96634E-06	0.004040805	
0.091828441	7.19254E-05	5.21956E-06	0.004026079	
0.092746725	4.83349E-05	4.15331E-06	0.004066339	
0.092746725	6.11391E-05	7.29278E-06	0.004081213	
0.093674193	5.81368E-05	6.98328E-06	0.004122025	
0.093674193	4.8196E-05	4.25578E-06	0.004107003	
0.094610934	4.32763E-05	3.80981E-06	0.004148073	
0.094610934	5.13072E-05	6.18945E-06	0.004163246	
0.095557044	5.016E-05	6.79324E-06	0.004204878	
0.095557044	4.72471E-05	3.97667E-06	0.004189553	
0.096512614	5.28755E-05	4.05751E-06	0.004231449	
0.096512614	5.7196E-05	6.61986E-06	0.004246927	
0.09747774	5.25557E-05	7.05642E-06	0.004289396	
0.09747774	5.41573E-05	3.9806E-06	0.004273763	
0.098452518	5.2698E-05	3.79174E-06	0.004316501	
0.098452518	5.12806E-05	7.39961E-06	0.00433229	
0.099437043	5.07726E-05	6.87644E-06	0.004375613	
0.099437043	5.95618E-05	4.01109E-06	0.004359666	
0.100431413	3.95974E-05	3.15082E-06	0.004403263	
0.100431413	4.7977E-05	7.01527E-06	0.004419369	
0.101435728	4.47135E-05	6.59811E-06	0.004463563	
0.101435728	4.33192E-05	3.24271E-06	0.004447295	
0.102450085	3.24571E-05	2.79564E-06	0.004491768	
0.103474586	3.58066E-05	2.78611E-06	0.004536686	
0.104509332	2.7711E-05	2.44054E-06	0.004582053	
0.105554425	3.94642E-05	2.87819E-06	0.004627873	
0.106609969	3.87148E-05	2.73322E-06	0.004674152	
0.107676069	3.76028E-05	2.62499E-06	0.004720894	
0.108752829	3.8026E-05	2.62877E-06	0.004768103	
0.109840358	2.48021E-05	2.08229E-06	0.004815784	
0.110938761	2.3939E-05	2.0755E-06	0.004863941	
0.112048149	2.32695E-05	1.99467E-06	0.004912581	
0.11316863	2.15068E-05	1.91678E-06	0.004961707	
0.114300317	2.5873E-05	1.99941E-06	0.005011324	
0.11544332	2.38935E-05	1.85486E-06	0.005061437	
0.116597753	2.40312E-05	1.92595E-06	0.005112051	
0.117763731	2.14925E-05	1.72463E-06	0.005163172	
0.118941368	2.17923E-05	1.68386E-06	0.005214804	
0.120130782	1.609E-05	1.47421E-06	0.005266952	
0.121332089	1.60558E-05	1.41679E-06	0.005319621	
0.12254541	1.84509E-05	1.48709E-06	0.005372817	
0.123770864	1.93634E-05	1.48805E-06	0.005426546	
0.125008573	1.58257E-05	1.36304E-06	0.005480811	
0.126258659	1.46616E-05	1.27128E-06	0.005535619	
0.127521245	1.14202E-05	1.15434E-06	0.005590975	
0.128796458	1.3051E-05	1.13767E-06	0.005646885	
0.130084422	1.12726E-05	1.04817E-06	0.005703354	
0.131385267	1.20411E-05	1.07881E-06	0.005760387	
0.132699119	1.31989E-05	1.10521E-06	0.005817991	
0.134026111	1.23901E-05	1.06362E-06	0.005876171	
0.135366372	1.23168E-05	1.02986E-06	0.005934933	
0.136720035	9.78273E-06	9.31281E-07	0.005994282	
0.138087236	9.88971E-06	8.7414E-07	0.006054225	
0.139468108	8.92831E-06	8.92574E-07	0.006114767	
0.140862789	9.53318E-06	9.02481E-07	0.006175915	
0.142271417	7.08046E-06	7.81596E-07	0.006237674	
0.143694131	7.47268E-06	8.26838E-07	0.006300051	
0.145131072	7.06171E-06	7.60656E-07	0.006363051	
0.146582383	6.23033E-06	6.64029E-07	0.006426682	
0.148048207	6.7325E-06	7.36434E-07	0.006490949	
0.149528689	5.45882E-06	6.65943E-07	0.006555858	
0.151023976	5.14836E-06	5.993E-07	0.006621417	
0.152534216	6.16388E-06	6.73545E-07	0.006687631	
0.154059558	4.77084E-06	5.84342E-07	0.006754507	
0.155600154	5.62677E-06	6.00903E-07	0.006822052	
0.157156155	5.40054E-06	6.29559E-07	0.006890273	
0.158727717	5.26715E-06	6.11286E-07	0.006959176	
0.160314994	4.31461E-06	5.41202E-07	0.007028767	
0.161918144	4.22016E-06	5.47485E-07	0.007099055	
0.163537325	4.40588E-06	5.29416E-07	0.007170046	
0.165172698	5.26602E-06	5.49338E-07	0.007241746	
0.166824425	5.15477E-06	5.4204E-07	0.007314164	
0.16849267	3.11127E-06	4.68147E-07	0.007387305	
0.170177596	4.00461E-06	4.99319E-07	0.007461178	
0.171879372	4.37814E-06	4.92159E-07	0.00753579	
0.173598166	3.85925E-06	4.6782E-07	0.007611148	
0.175334148	2.58489E-06	4.36598E-07	0.007687259	
0.177087489	3.08285E-06	4.55799E-07	0.007764132	
0.178858364	2.77991E-06	4.27157E-07	0.007841773	
0.180646948	3.14158E-06	4.49602E-07	0.007920191	
0.182453417	3.61076E-06	4.48861E-07	0.007999393	
0.184277951	2.41605E-06	4.31931E-07	0.008079387	
0.186120731	2.60766E-06	3.79187E-07	0.008160181	
0.187981938	1.91523E-06	4.27045E-07	0.008241783	
0.189861758	2.71506E-06	4.3993E-07	0.0083242	
0.191760375	2.90769E-06	4.21624E-07	0.008407442	
0.193677979	2.45228E-06	4.15895E-07	0.008491517	
0.195614759	2.93366E-06	4.23196E-07	0.008576432	
0.197570906	2.57953E-06	4.12104E-07	0.008662196	
0.199546615	2.96901E-06	4.18132E-07	0.008748818	
0.201542081	2.9856E-06	4.09672E-07	0.008836306	
0.203557502	1.73113E-06	3.61137E-07	0.00892467	
0.205593077	2.64343E-06	3.8337E-07	0.009013916	
0.207649008	1.76192E-06	3.54685E-07	0.009104055	
0.209725498	1.95974E-06	3.37148E-07	0.009195096	
0.211822753	2.32436E-06	3.46965E-07	0.009287047	
0.213940981	1.73001E-06	3.384E-07	0.009379917	
0.21608039	1.74757E-06	3.32038E-07	0.009473717	
0.218241194	2.29176E-06	3.33858E-07	0.009568454	
0.220423606	1.13275E-06	3.24568E-07	0.009664138	
0.222627842	1.6492E-06	3.31976E-07	0.00976078	
0.224854121	1.32687E-06	3.15979E-07	0.009858387	
0.227102662	2.40456E-06	3.62047E-07	0.009956971	
0.229373689	1.71494E-06	2.86658E-07	0.010056541	
0.231667425	1.58345E-06	3.15248E-07	0.010157106	
0.2339841	1.43946E-06	3.23005E-07	0.010258677	
0.236323941	1.52929E-06	2.93812E-07	0.010361264	
0.23868718	1.53954E-06	2.89732E-07	0.010464877	
0.241074052	1.48058E-06	3.05506E-07	0.010569526	
0.243484792	1.65928E-06	2.98047E-07	0.010675221	
0.24591964	1.26554E-06	3.12826E-07	0.010781973	
0.248378837	1.03062E-06	2.88943E-07	0.010889793	
0.250862625	1.34904E-06	2.8905E-07	0.010998691	
0.253371251	1.31161E-06	2.87315E-07	0.011108678	
0.255904964	1.06714E-06	2.89901E-07	0.011219764	
0.258464014	7.46166E-07	2.77623E-07	0.011331962	
0.261048654	6.82679E-07	2.91448E-07	0.011445282	
0.26365914	8.49607E-07	2.61661E-07	0.011559735	
0.266295732	9.35328E-07	2.67546E-07	0.011675332	
0.268958689	6.42215E-07	2.80032E-07	0.011792085	
0.271648276	8.00458E-07	2.91417E-07	0.011910006	
0.274364759	5.46447E-07	2.51936E-07	0.012029106	
0.277108406	6.04487E-07	2.59268E-07	0.012149397	
0.27987949	6.68927E-07	2.30891E-07	0.012270891	
0.282678285	6.4138E-07	2.50409E-07	0.0123936	
0.285505068	1.23407E-07	2.38678E-07	0.012517536	
0.288360119	5.5941E-07	2.5523E-07	0.012642711	
0.29124372	3.20856E-07	2.60653E-07	0.012769139	
0.294156157	4.6479E-07	2.43803E-07	0.01289683	
0.297097719	1.139E-07	2.45252E-07	0.013025798	