# Experiment IPTS-36119 Run 221469				
# Reduction 2.6.0				
# Run title: Air Ir Si-221469-1.				
# Run start time: 2025-09-12T20:08:58.447638667				
# Reduction time: Mon Jan  5 15:10:19 2026				
# Q summing: False				
# TOF weighted: False				
# Bck in Q: False				
# Theta offset: 0.0				
# DataRun   NormRun   TwoTheta(deg)  LambdaMin(A)   LambdaMax(A) Qmin(1/A)    Qmax(1/A)    SF_A         SF_B				
# 221469    221463    0.89984        2.55214        9.31532      0.0105       0.0386       4.0          0.0         				
# 221470    221464    2.39998        2.55214        9.69814      0.0271       0.1031       25.0         0.0         				
# 221471    221465    7.00194        2.55214        9.69814      0.0791       0.3006       169.0        0.0         				
#	Q [1/Angstrom]	R	dR	dQ
0.010811398	1.039203243	0.040478859	0.000472837	
0.010919512	0.995416094	0.036468846	0.000477566	
0.011028707	0.988190034	0.035429127	0.000482341	
0.011138994	1.039378164	0.036549966	0.000487165	
0.011250384	1.001319813	0.033981482	0.000492036	
0.011362888	0.984517674	0.033096493	0.000496957	
0.011476517	0.966574311	0.03163841	0.000501926	
0.011591282	0.995600569	0.031798329	0.000506946	
0.011707195	0.894623878	0.027769021	0.000512015	
0.011824267	0.935697672	0.028646996	0.000517135	
0.011942509	0.999515763	0.030156287	0.000522307	
0.012061934	1.002710516	0.029975408	0.00052753	
0.012182554	0.994546735	0.028797913	0.000532805	
0.012304379	1.002436775	0.028492123	0.000538133	
0.012427423	1.054494971	0.029918291	0.000543514	
0.012551697	0.981202991	0.026693598	0.000548949	
0.012677214	0.992638137	0.026545694	0.000554439	
0.012803986	0.975993705	0.025657591	0.000559983	
0.012932026	0.969950177	0.024995987	0.000565583	
0.013061346	0.953731912	0.023976974	0.000571239	
0.01319196	1.026307155	0.02561041	0.000576951	
0.01332388	0.965650658	0.023343229	0.000582721	
0.013457118	1.004811522	0.024340522	0.000588548	
0.013591689	0.977422223	0.022893865	0.000594434	
0.013727606	0.994149329	0.023074857	0.000600378	
0.013864882	0.978243492	0.022118626	0.000606382	
0.014003531	0.994738551	0.022167718	0.000612446	
0.014143567	0.968943539	0.021058384	0.00061857	
0.014285002	1.007844769	0.021713352	0.000624756	
0.014427852	0.989241617	0.020677595	0.000631003	
0.014572131	0.987348213	0.020428464	0.000637313	
0.014717852	0.991449777	0.020232918	0.000643686	
0.014865031	1.015090484	0.020448815	0.000650123	
0.015013681	0.956127929	0.018776304	0.000656625	
0.015163818	1.015567441	0.019866246	0.000663191	
0.015315456	1.002844696	0.019143157	0.000669823	
0.01546861	0.98208653	0.018451673	0.000676521	
0.015623297	0.979334803	0.01801083	0.000683286	
0.01577953	0.959342751	0.017272899	0.000690119	
0.015937325	0.971542777	0.017527708	0.00069702	
0.016096698	0.93141213	0.016294996	0.00070399	
0.016257665	0.945215014	0.016228007	0.00071103	
0.016420242	0.997744808	0.017060963	0.000718141	
0.016584444	0.957232327	0.016068792	0.000725322	
0.016750289	0.939294576	0.015348189	0.000732575	
0.016917791	0.95508471	0.015560413	0.000739901	
0.017086969	0.918058978	0.014643464	0.0007473	
0.017257839	0.94885043	0.014955816	0.000754773	
0.017430417	0.972778962	0.015168905	0.000762321	
0.017604722	0.937842693	0.014370726	0.000769944	
0.017780769	0.929543099	0.014041749	0.000777643	
0.017958577	0.899238503	0.013404603	0.00078542	
0.018138162	0.873070343	0.012828805	0.000793274	
0.018319544	0.869233831	0.012620073	0.000801207	
0.018502739	0.868581518	0.012854248	0.000809219	
0.018687767	0.808448742	0.011915563	0.000817311	
0.018874644	0.793733141	0.011200865	0.000825484	
0.019063391	0.747075822	0.010548761	0.000833739	
0.019254025	0.690162954	0.009824759	0.000842076	
0.019446565	0.597804494	0.00854884	0.000850497	
0.019641031	0.510524402	0.007500096	0.000859002	
0.019837441	0.398882376	0.006087892	0.000867592	
0.020035815	0.298984023	0.00495544	0.000876268	
0.020236174	0.211825857	0.003983895	0.000885031	
0.020438535	0.143978761	0.002951549	0.000893881	
0.020642921	0.109112619	0.002410207	0.00090282	
0.02084935	0.092484902	0.002165027	0.000911848	
0.021057843	0.110403285	0.00237029	0.000920966	
0.021268422	0.131295706	0.002656048	0.000930176	
0.021481106	0.159893076	0.003004217	0.000939478	
0.021695917	0.180249981	0.00319684	0.000948873	
0.021912876	0.198201075	0.003370367	0.000958361	
0.022132005	0.196386331	0.003350597	0.000967945	
0.022353325	0.201359322	0.003379326	0.000977624	
0.022576858	0.189270358	0.003218832	0.000987401	
0.022802627	0.174526272	0.003027134	0.000997275	
0.023030653	0.159425096	0.002841015	0.001007247	
0.02326096	0.137681596	0.002588295	0.00101732	
0.023493569	0.111279627	0.002265194	0.001027493	
0.023728505	0.088356155	0.001949786	0.001037768	
0.02396579	0.065458738	0.00161968	0.001048146	
0.024205448	0.048041694	0.00135104	0.001058627	
0.024447502	0.032730184	0.001141168	0.001069214	
0.024691977	0.019980753	0.000921619	0.001079906	
0.024938897	0.01587489	0.000774636	0.001090705	
0.025188286	0.013181032	0.000703387	0.001101612	
0.025440169	0.01511297	0.000759974	0.001112628	
0.025694571	0.02173631	0.000889309	0.001123754	
0.025951516	0.027300804	0.000989129	0.001134992	
0.026211032	0.031813015	0.001051445	0.001146342	
0.026473142	0.04051168	0.00118746	0.001157805	
0.026737873	0.044310965	0.001236748	0.001169383	
0.027005252	0.050542117	0.001325859	0.001181077	
0.027275305	0.052674484	0.001338269	0.001192888	
0.027548058	0.053956938	0.001332935	0.001204817	
0.027548058	0.053135674	0.002577148	0.001206339	
0.027823538	0.051063472	0.001302579	0.001216865	
0.027823538	0.054529228	0.001973545	0.001218402	
0.028101774	0.05028817	0.00127313	0.001229033	
0.028101774	0.049909464	0.00169081	0.001230586	
0.028382791	0.046754449	0.001587748	0.001242892	
0.028382791	0.045627251	0.0011995	0.001241324	
0.028666619	0.038607412	0.001084724	0.001253737	
0.028666619	0.040003714	0.001336593	0.001255321	
0.028953285	0.034770946	0.001154541	0.001267874	
0.028953285	0.031200475	0.000968517	0.001266274	
0.029242818	0.025767989	0.000874794	0.001278937	
0.029242818	0.0277418	0.000941817	0.001280553	
0.029535246	0.02036131	0.000686323	0.001293358	
0.029535246	0.020106737	0.000767855	0.001291726	
0.029830599	0.014607411	0.000645318	0.001304644	
0.029830599	0.014317255	0.000513596	0.001306292	
0.030128905	0.009657798	0.000378105	0.001319355	
0.030128905	0.011225741	0.000555574	0.00131769	
0.030430194	0.007071614	0.000440022	0.001330867	
0.030430194	0.006127559	0.000275727	0.001332548	
0.030734496	0.003418621	0.000184494	0.001345874	
0.030734496	0.005407003	0.00039088	0.001344176	
0.031041841	0.004484913	0.000338575	0.001357617	
0.031041841	0.002642432	0.000158428	0.001359333	
0.031352259	0.002036208	0.000130777	0.001372926	
0.031352259	0.003637146	0.000313105	0.001371194	
0.031665782	0.005542677	0.000377093	0.001384906	
0.031665782	0.00308069	0.000171868	0.001386655	
0.03198244	0.004960123	0.000215407	0.001400522	
0.03198244	0.006584744	0.000412643	0.001398755	
0.032302264	0.008498327	0.000460733	0.001412742	
0.032302264	0.007453511	0.000279479	0.001414527	
0.032625287	0.010082204	0.000335671	0.001428672	
0.032625287	0.010514822	0.000510213	0.00142687	
0.03295154	0.012377269	0.000571267	0.001441138	
0.03295154	0.012218049	0.000379287	0.001442959	
0.033281055	0.013012365	0.000381855	0.001457389	
0.033281055	0.014481648	0.000603737	0.00145555	
0.033613866	0.015409738	0.000623168	0.001470105	
0.033613866	0.014872501	0.000425784	0.001471963	
0.033950004	0.016183699	0.000441716	0.001486682	
0.033950004	0.015743746	0.000635952	0.001484806	
0.034289504	0.014828151	0.000618624	0.001499654	
0.034289504	0.016261811	0.000436028	0.001501549	
0.034632399	0.015546612	0.000418298	0.001516564	
0.034632399	0.01349857	0.000599086	0.001514651	
0.034978723	0.013642146	0.000617569	0.001529797	
0.034978723	0.013866672	0.000371331	0.00153173	
0.035328511	0.012732957	0.000343316	0.001547047	
0.035328511	0.011256383	0.000557781	0.001545095	
0.035681796	0.010228077	0.000517887	0.001560546	
0.035681796	0.010095533	0.000284217	0.001562518	
0.036038614	0.007864731	0.000228763	0.001578143	
0.036038614	0.008101752	0.000470964	0.001576152	
0.036399	0.005875328	0.000392662	0.001591913	
0.036399	0.005634916	0.000183403	0.001593924	
0.03676299	0.003901152	0.000140365	0.001609864	
0.03676299	0.004547146	0.000353657	0.001607832	
0.03713062	0.003275177	0.00027977	0.001623911	
0.03713062	0.002478113	0.000105498	0.001625962	
0.037501926	0.00146503	7.92324E-05	0.001642222	
0.037501926	0.002627574	0.000256735	0.00164015	
0.037876945	0.000915609	5.7751E-05	0.001658644	
0.037876945	0.001913828	0.000215756	0.001656551	
0.038255715	0.001452178	0.000205616	0.001673117	
0.038255715	0.000892022	6.00221E-05	0.001675231	
0.038638272	0.001246688	6.6637E-05	0.001691983	
0.039024654	0.002091624	8.75879E-05	0.001708903	
0.039414901	0.002841061	0.000103408	0.001725992	
0.03980905	0.003678271	0.000119386	0.001743252	
0.04020714	0.004390519	0.000129166	0.001760684	
0.040609212	0.005420894	0.000147966	0.001778291	
0.041015304	0.005297926	0.000141016	0.001796074	
0.041425457	0.005791726	0.000147346	0.001814035	
0.041839712	0.005317849	0.000137918	0.001832175	
0.042258109	0.004650822	0.000125708	0.001850497	
0.04268069	0.004241662	0.000115732	0.001869002	
0.043107497	0.003123589	9.32715E-05	0.001887692	
0.043538572	0.00232718	7.67527E-05	0.001906569	
0.043973957	0.001590092	6.17883E-05	0.001925634	
0.044413697	0.001045285	4.73697E-05	0.001944891	
0.044857834	0.000706716	3.8593E-05	0.00196434	
0.045306412	0.000473007	3.19828E-05	0.001983983	
0.045759476	0.000525885	3.1859E-05	0.002003823	
0.046217071	0.000743369	3.85839E-05	0.002023861	
0.046679242	0.000993725	4.36899E-05	0.0020441	
0.047146034	0.001410267	5.18354E-05	0.002064541	
0.047617495	0.001790631	5.88007E-05	0.002085186	
0.04809367	0.001942241	6.05617E-05	0.002106038	
0.048574606	0.002043605	6.08147E-05	0.002127098	
0.049060352	0.002104727	6.1557E-05	0.002148369	
0.049550956	0.002009692	6.08482E-05	0.002169853	
0.050046465	0.001752103	5.38991E-05	0.002191552	
0.05054693	0.001571973	4.9349E-05	0.002213467	
0.051052399	0.00109841	3.96853E-05	0.002235602	
0.051562923	0.000770955	3.25474E-05	0.002257958	
0.052078553	0.000575161	2.78348E-05	0.002280537	
0.052599338	0.000389119	2.21023E-05	0.002303343	
0.053125331	0.000304427	2.06589E-05	0.002326376	
0.053656585	0.00032715	2.01782E-05	0.00234964	
0.054193151	0.00047509	2.53263E-05	0.002373136	
0.054735082	0.000613962	2.70242E-05	0.002396868	
0.055282433	0.000750031	3.03467E-05	0.002420836	
0.055835257	0.00086277	3.23229E-05	0.002445045	
0.05639361	0.000985717	3.46065E-05	0.002469495	
0.056957546	0.00096482	3.38973E-05	0.00249419	
0.057527121	0.000804757	3.07879E-05	0.002519132	
0.058102393	0.000690608	2.77774E-05	0.002544323	
0.058683417	0.000613111	2.56168E-05	0.002569767	
0.059270251	0.000428597	2.17347E-05	0.002595464	
0.059862953	0.00033155	1.88836E-05	0.002621419	
0.060461583	0.000235321	1.59431E-05	0.002647633	
0.061066199	0.000216392	1.5065E-05	0.002674109	
0.061676861	0.000221236	1.48741E-05	0.002700851	
0.062293629	0.000271119	1.69687E-05	0.002727859	
0.062916565	0.000295644	1.69109E-05	0.002755138	
0.063545731	0.000354184	1.91526E-05	0.002782689	
0.064181188	0.000396981	2.0503E-05	0.002810516	
0.064823	0.000462473	2.1844E-05	0.002838621	
0.06547123	0.000407038	2.14383E-05	0.002867007	
0.066125943	0.000346103	2.00906E-05	0.002895677	
0.066787202	0.000313352	1.77155E-05	0.002924634	
0.067455074	0.000254498	1.652E-05	0.00295388	
0.068129625	0.000185238	1.36455E-05	0.002983419	
0.068810921	0.000150939	1.17176E-05	0.003013253	
0.06949903	0.000138867	1.13526E-05	0.003043386	
0.070194021	0.000147127	1.16935E-05	0.00307382	
0.070895961	0.000181591	1.26765E-05	0.003104558	
0.07160492	0.000235474	1.434E-05	0.003135604	
0.07232097	0.000229444	1.46557E-05	0.00316696	
0.073044179	0.000208461	1.41721E-05	0.003198629	
0.073774621	0.000229145	1.40286E-05	0.003230616	
0.074512367	0.000195842	1.315E-05	0.003262922	
0.075257491	0.000166026	1.29118E-05	0.003295551	
0.076010066	0.000140639	1.09954E-05	0.003328506	
0.076770167	0.000113735	9.74957E-06	0.003361792	
0.077537868	0.000106821	8.97164E-06	0.003395409	
0.078313247	0.000101075	9.33524E-06	0.003429364	
0.079096379	0.000112172	9.63201E-06	0.003463657	
0.079887343	0.000122548	1.89347E-05	0.003495713	
0.079887343	0.000138631	1.03886E-05	0.003498294	
0.080686217	0.000118891	1.05664E-05	0.003533277	
0.080686217	0.000124797	9.63704E-06	0.00353067	
0.081493079	0.00012963	1.04525E-05	0.003568609	
0.081493079	0.000131536	8.80296E-06	0.003565977	
0.082308009	0.000130362	8.3951E-06	0.003601637	
0.082308009	0.00011821	9.29479E-06	0.003604296	
0.08313109	0.000111038	8.8179E-06	0.003640338	
0.08313109	0.000124488	7.85606E-06	0.003637653	
0.0839624	0.000102613	6.98939E-06	0.003674029	
0.0839624	0.000109818	9.26437E-06	0.003676742	
0.084802024	9.38935E-05	6.34236E-06	0.00371077	
0.084802024	8.92454E-05	8.03129E-06	0.003713509	
0.085650045	7.66242E-05	7.65853E-06	0.003750644	
0.085650045	8.47453E-05	6.03739E-06	0.003747877	
0.086506545	5.90599E-05	4.74449E-06	0.003785356	
0.086506545	6.67599E-05	7.17943E-06	0.003788151	
0.087371611	7.38445E-05	7.45339E-06	0.003826032	
0.087371611	5.85202E-05	4.66124E-06	0.00382321	
0.088245327	7.05127E-05	5.05501E-06	0.003861442	
0.088245327	7.14516E-05	7.55843E-06	0.003864293	
0.08912778	7.65231E-05	8.47895E-06	0.003902936	
0.08912778	7.38425E-05	5.13154E-06	0.003900056	
0.090019058	8.02287E-05	5.09987E-06	0.003939057	
0.090019058	9.42236E-05	8.10036E-06	0.003941965	
0.090919248	7.40407E-05	8.61343E-06	0.003981385	
0.090919248	8.42372E-05	5.28796E-06	0.003978447	
0.091828441	7.89231E-05	5.01349E-06	0.004018232	
0.091828441	7.62143E-05	7.89496E-06	0.004021198	
0.092746725	6.37329E-05	7.55392E-06	0.00406141	
0.092746725	6.79612E-05	4.48752E-06	0.004058414	
0.093674193	5.43606E-05	7.37223E-06	0.004102025	
0.093674193	5.05744E-05	3.78449E-06	0.004098998	
0.094610934	5.63016E-05	7.00699E-06	0.004143045	
0.094610934	4.58936E-05	3.46183E-06	0.004139988	
0.095557044	4.3494E-05	3.31424E-06	0.004181388	
0.095557044	4.48648E-05	6.49535E-06	0.004184475	
0.096512614	5.04312E-05	6.84917E-06	0.00422632	
0.096512614	4.1874E-05	3.2168E-06	0.004223202	
0.09747774	5.04346E-05	3.37723E-06	0.004265434	
0.09747774	5.19485E-05	6.05155E-06	0.004268583	
0.098452518	4.9899E-05	6.71894E-06	0.004311269	
0.098452518	5.63408E-05	3.50204E-06	0.004308088	
0.099437043	5.0794E-05	3.28152E-06	0.004351169	
0.099437043	4.60951E-05	6.18748E-06	0.004354382	
0.100431413	4.87299E-05	6.07125E-06	0.004397925	
0.100431413	5.23899E-05	3.24031E-06	0.004394681	
0.101435728	4.09546E-05	2.80341E-06	0.004438628	
0.101435728	5.39796E-05	6.12547E-06	0.004441905	
0.102450085	3.81499E-05	2.71763E-06	0.004483014	
0.102450085	4.50178E-05	5.68211E-06	0.004486324	
0.103474586	3.15819E-05	2.39284E-06	0.004527844	
0.104509332	2.98118E-05	2.32067E-06	0.004573123	
0.105554425	3.26918E-05	2.36119E-06	0.004618854	
0.106609969	3.95843E-05	2.51695E-06	0.004665042	
0.107676069	3.33073E-05	2.28808E-06	0.004711693	
0.108752829	3.42763E-05	2.2202E-06	0.00475881	
0.109840358	3.04421E-05	2.12002E-06	0.004806398	
0.110938761	2.28331E-05	1.80327E-06	0.004854462	
0.112048149	2.31953E-05	1.78971E-06	0.004903006	
0.11316863	2.46178E-05	1.78892E-06	0.004952037	
0.114300317	2.42894E-05	1.8133E-06	0.005001557	
0.11544332	2.66546E-05	1.80071E-06	0.005051572	
0.116597753	2.43879E-05	1.68394E-06	0.005102088	
0.117763731	2.19703E-05	1.5631E-06	0.005153109	
0.118941368	1.90894E-05	1.48394E-06	0.00520464	
0.120130782	1.77213E-05	1.40759E-06	0.005256687	
0.121332089	1.66155E-05	1.3317E-06	0.005309253	
0.12254541	1.82519E-05	1.34105E-06	0.005362346	
0.123770864	1.74777E-05	1.28263E-06	0.005415969	
0.125008573	1.95959E-05	1.35825E-06	0.005470129	
0.126258659	1.52882E-05	1.2051E-06	0.00552483	
0.127521245	1.41503E-05	1.11652E-06	0.005580079	
0.128796458	1.48444E-05	1.11652E-06	0.00563588	
0.130084422	1.23456E-05	1.03118E-06	0.005692238	
0.131385267	9.66209E-06	9.22964E-07	0.005749161	
0.132699119	1.15787E-05	9.81416E-07	0.005806652	
0.134026111	1.13777E-05	9.58072E-07	0.005864719	
0.135366372	1.09467E-05	8.97023E-07	0.005923366	
0.136720035	8.83758E-06	8.21674E-07	0.0059826	
0.138087236	9.89566E-06	8.29394E-07	0.006042426	
0.139468108	9.05718E-06	7.98678E-07	0.00610285	
0.140862789	9.06467E-06	8.04968E-07	0.006163878	
0.142271417	8.22837E-06	7.74495E-07	0.006225517	
0.143694131	8.12376E-06	7.46107E-07	0.006287772	
0.145131072	8.13184E-06	7.39275E-07	0.00635065	
0.146582383	8.2916E-06	7.14554E-07	0.006414157	
0.148048207	6.79636E-06	6.32457E-07	0.006478298	
0.149528689	6.80647E-06	6.46614E-07	0.006543081	
0.151023976	6.47135E-06	6.22954E-07	0.006608512	
0.152534216	6.20486E-06	6.10807E-07	0.006674597	
0.154059558	6.09809E-06	5.95431E-07	0.006741343	
0.155600154	4.8724E-06	5.33952E-07	0.006808756	
0.157156155	5.37931E-06	5.84935E-07	0.006876844	
0.158727717	6.07731E-06	5.78333E-07	0.006945612	
0.160314994	4.71893E-06	5.17805E-07	0.007015069	
0.161918144	4.78447E-06	5.24371E-07	0.007085219	
0.163537325	5.26098E-06	5.24768E-07	0.007156071	
0.165172698	4.22055E-06	4.96287E-07	0.007227632	
0.166824425	3.83346E-06	4.60167E-07	0.007299909	
0.16849267	3.79956E-06	4.49603E-07	0.007372908	
0.170177596	5.01376E-06	4.8363E-07	0.007446637	
0.171879372	3.89175E-06	4.70288E-07	0.007521103	
0.173598166	3.04701E-06	4.22529E-07	0.007596314	
0.175334148	3.10614E-06	4.31173E-07	0.007672277	
0.177087489	4.15774E-06	4.42626E-07	0.007749	
0.178858364	3.81282E-06	4.36213E-07	0.00782649	
0.180646948	4.01475E-06	4.41918E-07	0.007904755	
0.182453417	3.47416E-06	4.41851E-07	0.007983802	
0.184277951	3.50286E-06	3.97638E-07	0.00806364	
0.186120731	2.84941E-06	3.95296E-07	0.008144277	
0.187981938	1.90124E-06	3.49191E-07	0.00822572	
0.189861758	2.55864E-06	4.02796E-07	0.008307977	
0.191760375	2.67585E-06	4.23093E-07	0.008391057	
0.193677979	2.65214E-06	3.97485E-07	0.008474967	
0.195614759	2.01657E-06	3.80054E-07	0.008559717	
0.197570906	2.37884E-06	3.81462E-07	0.008645314	
0.199546615	2.67213E-06	3.87962E-07	0.008731767	
0.201542081	2.74761E-06	3.7108E-07	0.008819085	
0.203557502	2.79158E-06	3.78584E-07	0.008907276	
0.205593077	2.16433E-06	3.31691E-07	0.008996348	
0.207649008	1.75372E-06	3.21139E-07	0.009086312	
0.209725498	1.98571E-06	3.2062E-07	0.009177175	
0.211822753	1.78386E-06	3.15161E-07	0.009268947	
0.213940981	1.91005E-06	3.32514E-07	0.009361636	
0.21608039	1.53469E-06	3.08688E-07	0.009455253	
0.218241194	2.13267E-06	3.37175E-07	0.009549805	
0.220423606	1.46264E-06	2.8581E-07	0.009645303	
0.222627842	1.71125E-06	3.06006E-07	0.009741756	
0.224854121	1.76855E-06	3.0281E-07	0.009839174	
0.227102662	1.41958E-06	2.90232E-07	0.009937566	
0.229373689	1.09919E-06	2.51366E-07	0.010036941	
0.231667425	1.45145E-06	2.85472E-07	0.010137311	
0.2339841	1.70429E-06	2.96134E-07	0.010238684	
0.236323941	1.20695E-06	2.47927E-07	0.010341071	
0.23868718	1.36946E-06	2.74692E-07	0.010444481	
0.241074052	1.66535E-06	2.86171E-07	0.010548926	
0.243484792	1.74149E-06	2.76667E-07	0.010654415	
0.24591964	1.32155E-06	2.58677E-07	0.010760959	
0.248378837	1.40458E-06	2.74225E-07	0.010868569	
0.250862625	8.33267E-07	2.53122E-07	0.010977255	
0.253371251	1.35437E-06	2.6737E-07	0.011087027	
0.255904964	1.50096E-06	2.75501E-07	0.011197898	
0.258464014	1.04806E-06	2.68843E-07	0.011309877	
0.261048654	1.03522E-06	2.52264E-07	0.011422975	
0.26365914	7.66582E-07	2.48596E-07	0.011537205	
0.266295732	5.39029E-07	2.28649E-07	0.011652577	
0.268958689	9.0489E-07	2.34223E-07	0.011769103	
0.271648276	6.49275E-08	2.54153E-07	0.011886794	
0.274364759	1.02394E-06	2.5139E-07	0.012005662	
0.277108406	4.68548E-09	2.22833E-07	0.012125718	
0.27987949	9.80398E-07	2.43234E-07	0.012246976	
0.282678285	7.91555E-07	2.4515E-07	0.012369445	
0.285505068	4.91212E-07	2.23976E-07	0.01249314	
0.288360119	4.7117E-07	2.23542E-07	0.012618071	
0.29124372	1.00938E-06	2.38638E-07	0.012744252	
0.294156157	4.85226E-07	1.99574E-07	0.012871694	
0.297097719	3.02971E-07	2.0854E-07	0.013000411	